# This was auto-generated by make-af.csv.py
Port ,Pin ,AF0                        ,AF1                      ,AF2                   ,AF3                                   ,AF4                                      ,AF5                        ,AF6                               ,AF7                                      ,AF8                                          ,AF9                                                    ,AF10                                   ,AF11                                            ,AF12                             ,AF13                                          ,AF14      ,AF15,ADC
     ,    ,DEBUG/RCC/RTC/SYS          ,HRTIM/LPTIM1/TIM1/2/16/17,HRTIM/SAI1/TIM3/4/5/12,DFSDM1/HRTIM/LPTIM2/3/4/5/LPUART1/TIM8,CEC/DFSDM1/I2C1/2/3/4/LPTIM2/TIM15/USART1,CEC/I2S1/2/3/SPI1/2/3/4/5/6,DFSDM1/I2C4/I2S3/SAI1/3/SPI3/UART4,I2S2/3/SDMMC1/SPI2/3/6/UART7/USART1/2/3/6,LPUART1/SAI2/4/SDMMC1/SPDIFRX1/SPI6/UART4/5/8,FDCAN1/2/FMC/LTDC/QUADSPI/SAI4/SDMMC2/SPDIFRX1/TIM13/14,CRS/LTDC/QUADSPI/SAI2/4/SDMMC2/TIM8/USB,DFSDM1/ETH/I2C4/MDIOS/SDMMC2/SWPMI1/TIM1/8/UART7,FMC/LTDC/MDIOS/SDMMC1/TIM1/8/USB ,COMP1/2/DCMI/DSIHOST/LTDC/TIM1                ,LTDC/UART5,    ,ADC
PortA,PA0 ,                           ,TIM2_CH1/TIM2_ETR        ,TIM5_CH1              ,TIM8_ETR                              ,TIM15_BKIN                               ,                           ,                                  ,USART2_CTS/USART2_NSS                    ,UART4_TX                                     ,SDMMC2_CMD                                             ,SAI2_SD_B                              ,ETH_MII_CRS                                     ,                                 ,                                              ,          ,    ,ADC1_INP16
PortA,PA0_C,                           ,                         ,                      ,                                      ,                                         ,                           ,                                  ,                                         ,                                             ,                                                       ,                                       ,                                                ,                                 ,                                              ,          ,    ,ADC12_INN1/ADC12_INP0
PortA,PA1 ,                           ,TIM2_CH2                 ,TIM5_CH2              ,LPTIM3_OUT                            ,TIM15_CH1N                               ,                           ,                                  ,USART2_DE/USART2_RTS                     ,UART4_RX                                     ,QUADSPI_BK1_IO3                                        ,SAI2_MCLK_B                            ,ETH_RMII_REF_CLK/ETH_MII_RX_CLK                 ,                                 ,                                              ,LTDC_R2   ,    ,ADC1_INN16/ADC1_INP17
PortA,PA1_C,                           ,                         ,                      ,                                      ,                                         ,                           ,                                  ,                                         ,                                             ,                                                       ,                                       ,                                                ,                                 ,                                              ,          ,    ,ADC12_INP1
PortA,PA2 ,                           ,TIM2_CH3                 ,TIM5_CH3              ,LPTIM4_OUT                            ,TIM15_CH1                                ,                           ,                                  ,USART2_TX                                ,SAI2_SCK_B                                   ,                                                       ,                                       ,ETH_MDIO                                        ,MDIOS_MDIO                       ,                                              ,LTDC_R1   ,    ,ADC12_INP14
PortA,PA3 ,                           ,TIM2_CH4                 ,TIM5_CH4              ,LPTIM5_OUT                            ,TIM15_CH2                                ,                           ,                                  ,USART2_RX                                ,                                             ,LTDC_B2                                                ,USB_OTG_HS_ULPI_D0                     ,ETH_MII_COL                                     ,                                 ,                                              ,LTDC_B5   ,    ,ADC12_INP15
PortA,PA4 ,                           ,                         ,TIM5_ETR              ,                                      ,                                         ,I2S1_WS/SPI1_NSS           ,I2S3_WS/SPI3_NSS                  ,USART2_CK                                ,SPI6_NSS                                     ,                                                       ,                                       ,                                                ,USB_OTG_HS_SOF                   ,DCMI_HSYNC                                    ,LTDC_VSYNC,    ,ADC12_INP18
PortA,PA5 ,                           ,TIM2_CH1/TIM2_ETR        ,                      ,TIM8_CH1N                             ,                                         ,I2S1_CK/SPI1_SCK           ,                                  ,                                         ,SPI6_SCK                                     ,                                                       ,USB_OTG_HS_ULPI_CK                     ,                                                ,                                 ,                                              ,LTDC_R4   ,    ,ADC12_INN18/ADC12_INP19
PortA,PA6 ,                           ,TIM1_BKIN                ,TIM3_CH1              ,TIM8_BKIN                             ,                                         ,I2S1_SDI/SPI1_MISO         ,                                  ,                                         ,SPI6_MISO                                    ,TIM13_CH1                                              ,TIM8_BKIN_COMP1/TIM8_BKIN_COMP2        ,MDIOS_MDC                                       ,TIM1_BKIN_COMP1/TIM1_BKIN_COMP2  ,DCMI_PIXCLK                                   ,LTDC_G2   ,    ,ADC12_INP3
PortA,PA7 ,                           ,TIM1_CH1N                ,TIM3_CH2              ,TIM8_CH1N                             ,                                         ,I2S1_SDO/SPI1_MOSI         ,                                  ,                                         ,SPI6_MOSI                                    ,TIM14_CH1                                              ,                                       ,ETH_RMII_CRS_DV/ETH_MII_RX_DV                   ,FMC_SDNWE                        ,                                              ,          ,    ,ADC12_INN3/ADC12_INP7
PortA,PA8 ,RCC_MCO_1                  ,TIM1_CH1                 ,HRTIM_CHB2            ,TIM8_BKIN2                            ,I2C3_SCL                                 ,                           ,                                  ,USART1_CK                                ,                                             ,                                                       ,USB_OTG_FS_SOF                         ,UART7_RX                                        ,TIM8_BKIN2_COMP1/TIM8_BKIN2_COMP2,LTDC_B3                                       ,LTDC_R6   ,    ,
PortA,PA9 ,                           ,TIM1_CH2                 ,HRTIM_CHC1            ,LPUART1_TX                            ,I2C3_SMBA                                ,I2S2_CK/SPI2_SCK           ,                                  ,USART1_TX                                ,                                             ,                                                       ,                                       ,ETH_MII_TX_ER                                   ,                                 ,DCMI_D0                                       ,LTDC_R5   ,    ,
PortA,PA10,                           ,TIM1_CH3                 ,HRTIM_CHC2            ,LPUART1_RX                            ,                                         ,                           ,                                  ,USART1_RX                                ,                                             ,                                                       ,USB_OTG_FS_ID                          ,MDIOS_MDIO                                      ,LTDC_B4                          ,DCMI_D1                                       ,LTDC_B1   ,    ,
PortA,PA11,                           ,TIM1_CH4                 ,HRTIM_CHD1            ,LPUART1_CTS                           ,                                         ,I2S2_WS/SPI2_NSS           ,UART4_RX                          ,USART1_CTS/USART1_NSS                    ,                                             ,FDCAN1_RX                                              ,USB_OTG_FS_DM                          ,                                                ,                                 ,                                              ,LTDC_R4   ,    ,
PortA,PA12,                           ,TIM1_ETR                 ,HRTIM_CHD2            ,LPUART1_DE/LPUART1_RTS                ,                                         ,I2S2_CK/SPI2_SCK           ,UART4_TX                          ,USART1_DE/USART1_RTS                     ,SAI2_FS_B                                    ,FDCAN1_TX                                              ,USB_OTG_FS_DP                          ,                                                ,                                 ,                                              ,LTDC_R5   ,    ,
PortA,PA13,DEBUG_JTMS/SWDIO           ,                         ,                      ,                                      ,                                         ,                           ,                                  ,                                         ,                                             ,                                                       ,                                       ,                                                ,                                 ,                                              ,          ,    ,
PortA,PA14,DEBUG_JTCK/SWCLK           ,                         ,                      ,                                      ,                                         ,                           ,                                  ,                                         ,                                             ,                                                       ,                                       ,                                                ,                                 ,                                              ,          ,    ,
PortA,PA15,DEBUG_JTDI                 ,TIM2_CH1/TIM2_ETR        ,HRTIM_FLT1            ,                                      ,CEC                                      ,I2S1_WS/SPI1_NSS           ,I2S3_WS/SPI3_NSS                  ,SPI6_NSS                                 ,UART4_DE/UART4_RTS                           ,                                                       ,                                       ,UART7_TX                                        ,                                 ,DSIHOST_TE                                    ,          ,    ,
PortB,PB0 ,                           ,TIM1_CH2N                ,TIM3_CH3              ,TIM8_CH2N                             ,                                         ,                           ,DFSDM1_CKOUT                      ,                                         ,UART4_CTS                                    ,LTDC_R3                                                ,USB_OTG_HS_ULPI_D1                     ,ETH_MII_RXD2                                    ,                                 ,                                              ,LTDC_G1   ,    ,ADC12_INN5/ADC12_INP9
PortB,PB1 ,                           ,TIM1_CH3N                ,TIM3_CH4              ,TIM8_CH3N                             ,                                         ,                           ,DFSDM1_DATIN1                     ,                                         ,                                             ,LTDC_R6                                                ,USB_OTG_HS_ULPI_D2                     ,ETH_MII_RXD3                                    ,                                 ,                                              ,LTDC_G0   ,    ,ADC12_INP5
PortB,PB2 ,RTC_OUT_ALARM/RTC_OUT_CALIB,                         ,SAI1_D1               ,                                      ,DFSDM1_CKIN1                             ,                           ,SAI1_SD_A                         ,I2S3_SDO/SPI3_MOSI                       ,SAI4_SD_A                                    ,QUADSPI_CLK                                            ,SAI4_D1                                ,ETH_MII_TX_ER                                   ,                                 ,                                              ,          ,    ,
PortB,PB3 ,DEBUG_JTDO/SWO             ,TIM2_CH2                 ,HRTIM_FLT4            ,                                      ,                                         ,I2S1_CK/SPI1_SCK           ,I2S3_CK/SPI3_SCK                  ,                                         ,SPI6_SCK                                     ,SDMMC2_D2                                              ,CRS_SYNC                               ,UART7_RX                                        ,                                 ,                                              ,          ,    ,
PortB,PB4 ,JTRST                      ,TIM16_BKIN               ,TIM3_CH1              ,HRTIM_EEV6                            ,                                         ,I2S1_SDI/SPI1_MISO         ,I2S3_SDI/SPI3_MISO                ,I2S2_WS/SPI2_NSS                         ,SPI6_MISO                                    ,SDMMC2_D3                                              ,                                       ,UART7_TX                                        ,                                 ,                                              ,          ,    ,
PortB,PB5 ,                           ,TIM17_BKIN               ,TIM3_CH2              ,HRTIM_EEV7                            ,I2C1_SMBA                                ,I2S1_SDO/SPI1_MOSI         ,I2C4_SMBA                         ,I2S3_SDO/SPI3_MOSI                       ,SPI6_MOSI                                    ,FDCAN2_RX                                              ,USB_OTG_HS_ULPI_D7                     ,ETH_PPS_OUT                                     ,FMC_SDCKE1                       ,DCMI_D10                                      ,UART5_RX  ,    ,
PortB,PB6 ,                           ,TIM16_CH1N               ,TIM4_CH1              ,HRTIM_EEV8                            ,I2C1_SCL                                 ,CEC                        ,I2C4_SCL                          ,USART1_TX                                ,LPUART1_TX                                   ,FDCAN2_TX                                              ,QUADSPI_BK1_NCS                        ,DFSDM1_DATIN5                                   ,FMC_SDNE1                        ,DCMI_D5                                       ,UART5_TX  ,    ,
PortB,PB7 ,                           ,TIM17_CH1N               ,TIM4_CH2              ,HRTIM_EEV9                            ,I2C1_SDA                                 ,                           ,I2C4_SDA                          ,USART1_RX                                ,LPUART1_RX                                   ,                                                       ,                                       ,DFSDM1_CKIN5                                    ,FMC_NL                           ,DCMI_VSYNC                                    ,          ,    ,
PortB,PB8 ,                           ,TIM16_CH1                ,TIM4_CH3              ,DFSDM1_CKIN7                          ,I2C1_SCL                                 ,                           ,I2C4_SCL                          ,SDMMC1_CKIN                              ,UART4_RX                                     ,FDCAN1_RX                                              ,SDMMC2_D4                              ,ETH_MII_TXD3                                    ,SDMMC1_D4                        ,DCMI_D6                                       ,LTDC_B6   ,    ,
PortB,PB9 ,                           ,TIM17_CH1                ,TIM4_CH4              ,DFSDM1_DATIN7                         ,I2C1_SDA                                 ,I2S2_WS/SPI2_NSS           ,I2C4_SDA                          ,SDMMC1_CDIR                              ,UART4_TX                                     ,FDCAN1_TX                                              ,SDMMC2_D5                              ,I2C4_SMBA                                       ,SDMMC1_D5                        ,DCMI_D7                                       ,LTDC_B7   ,    ,
PortB,PB10,                           ,TIM2_CH3                 ,HRTIM_SCOUT           ,LPTIM2_IN1                            ,I2C2_SCL                                 ,I2S2_CK/SPI2_SCK           ,DFSDM1_DATIN7                     ,USART3_TX                                ,                                             ,QUADSPI_BK1_NCS                                        ,USB_OTG_HS_ULPI_D3                     ,ETH_MII_RX_ER                                   ,                                 ,                                              ,LTDC_G4   ,    ,
PortB,PB11,                           ,TIM2_CH4                 ,HRTIM_SCIN            ,LPTIM2_ETR                            ,I2C2_SDA                                 ,                           ,DFSDM1_CKIN7                      ,USART3_RX                                ,                                             ,                                                       ,USB_OTG_HS_ULPI_D4                     ,ETH_MII_TX_EN/ETH_RMII_TX_EN                    ,                                 ,DSIHOST_TE                                    ,LTDC_G5   ,    ,
PortB,PB12,                           ,TIM1_BKIN                ,                      ,                                      ,I2C2_SMBA                                ,I2S2_WS/SPI2_NSS           ,DFSDM1_DATIN1                     ,USART3_CK                                ,                                             ,FDCAN2_RX                                              ,USB_OTG_HS_ULPI_D5                     ,ETH_MII_TXD0/ETH_RMII_TXD0                      ,USB_OTG_HS_ID                    ,TIM1_BKIN_COMP1/TIM1_BKIN_COMP2               ,UART5_RX  ,    ,
PortB,PB13,                           ,TIM1_CH1N                ,                      ,LPTIM2_OUT                            ,                                         ,I2S2_CK/SPI2_SCK           ,DFSDM1_CKIN1                      ,USART3_CTS/USART3_NSS                    ,                                             ,FDCAN2_TX                                              ,USB_OTG_HS_ULPI_D6                     ,ETH_MII_TXD1/ETH_RMII_TXD1                      ,                                 ,                                              ,UART5_TX  ,    ,
PortB,PB14,                           ,TIM1_CH2N                ,TIM12_CH1             ,TIM8_CH2N                             ,USART1_TX                                ,I2S2_SDI/SPI2_MISO         ,DFSDM1_DATIN2                     ,USART3_DE/USART3_RTS                     ,UART4_DE/UART4_RTS                           ,SDMMC2_D0                                              ,                                       ,                                                ,USB_OTG_HS_DM                    ,                                              ,          ,    ,
PortB,PB15,RTC_REFIN                  ,TIM1_CH3N                ,TIM12_CH2             ,TIM8_CH3N                             ,USART1_RX                                ,I2S2_SDO/SPI2_MOSI         ,DFSDM1_CKIN2                      ,                                         ,UART4_CTS                                    ,SDMMC2_D1                                              ,                                       ,                                                ,USB_OTG_HS_DP                    ,                                              ,          ,    ,
PortC,PC0 ,                           ,                         ,                      ,DFSDM1_CKIN0                          ,                                         ,                           ,DFSDM1_DATIN4                     ,                                         ,SAI2_FS_B                                    ,                                                       ,USB_OTG_HS_ULPI_STP                    ,                                                ,FMC_SDNWE                        ,                                              ,LTDC_R5   ,    ,ADC123_INP10
PortC,PC1 ,DEBUG_TRACED0              ,                         ,SAI1_D1               ,DFSDM1_DATIN0                         ,DFSDM1_CKIN4                             ,I2S2_SDO/SPI2_MOSI         ,SAI1_SD_A                         ,                                         ,SAI4_SD_A                                    ,SDMMC2_CK                                              ,SAI4_D1                                ,ETH_MDC                                         ,MDIOS_MDC                        ,                                              ,          ,    ,ADC123_INN10/ADC123_INP11
PortC,PC2 ,                           ,                         ,                      ,DFSDM1_CKIN1                          ,                                         ,I2S2_SDI/SPI2_MISO         ,DFSDM1_CKOUT                      ,                                         ,                                             ,                                                       ,USB_OTG_HS_ULPI_DIR                    ,ETH_MII_TXD2                                    ,FMC_SDNE0                        ,                                              ,          ,    ,ADC123_INN11/ADC123_INP12
PortC,PC2_C,                           ,                         ,                      ,                                      ,                                         ,                           ,                                  ,                                         ,                                             ,                                                       ,                                       ,                                                ,                                 ,                                              ,          ,    ,ADC3_INN1/ADC3_INP0
PortC,PC3 ,                           ,                         ,                      ,DFSDM1_DATIN1                         ,                                         ,I2S2_SDO/SPI2_MOSI         ,                                  ,                                         ,                                             ,                                                       ,USB_OTG_HS_ULPI_NXT                    ,ETH_MII_TX_CLK                                  ,FMC_SDCKE0                       ,                                              ,          ,    ,ADC12_INN12/ADC12_INP13
PortC,PC3_C,                           ,                         ,                      ,                                      ,                                         ,                           ,                                  ,                                         ,                                             ,                                                       ,                                       ,                                                ,                                 ,                                              ,          ,    ,ADC3_INP1
PortC,PC4 ,                           ,                         ,                      ,DFSDM1_CKIN2                          ,                                         ,I2S1_MCK                   ,                                  ,                                         ,                                             ,SPDIFRX1_IN2                                           ,                                       ,ETH_MII_RXD0/ETH_RMII_RXD0                      ,FMC_SDNE0                        ,                                              ,          ,    ,ADC12_INP4
PortC,PC5 ,                           ,                         ,SAI1_D3               ,DFSDM1_DATIN2                         ,                                         ,                           ,                                  ,                                         ,                                             ,SPDIFRX1_IN3                                           ,SAI4_D3                                ,ETH_MII_RXD1/ETH_RMII_RXD1                      ,FMC_SDCKE0                       ,COMP1_OUT                                     ,          ,    ,ADC12_INN4/ADC12_INP8
PortC,PC6 ,                           ,HRTIM_CHA1               ,TIM3_CH1              ,TIM8_CH1                              ,DFSDM1_CKIN3                             ,I2S2_MCK                   ,                                  ,USART6_TX                                ,SDMMC1_D0DIR                                 ,FMC_NWAIT                                              ,SDMMC2_D6                              ,                                                ,SDMMC1_D6                        ,DCMI_D0                                       ,LTDC_HSYNC,    ,
PortC,PC7 ,DEBUG_TRGIO                ,HRTIM_CHA2               ,TIM3_CH2              ,TIM8_CH2                              ,DFSDM1_DATIN3                            ,                           ,I2S3_MCK                          ,USART6_RX                                ,SDMMC1_D123DIR                               ,FMC_NE1                                                ,SDMMC2_D7                              ,SWPMI1_TX                                       ,SDMMC1_D7                        ,DCMI_D1                                       ,LTDC_G6   ,    ,
PortC,PC8 ,DEBUG_TRACED1              ,HRTIM_CHB1               ,TIM3_CH3              ,TIM8_CH3                              ,                                         ,                           ,                                  ,USART6_CK                                ,UART5_DE/UART5_RTS                           ,FMC_NCE/FMC_NE2                                        ,                                       ,SWPMI1_RX                                       ,SDMMC1_D0                        ,DCMI_D2                                       ,          ,    ,
PortC,PC9 ,RCC_MCO_2                  ,                         ,TIM3_CH4              ,TIM8_CH4                              ,I2C3_SDA                                 ,I2S1_CKIN                  ,                                  ,                                         ,UART5_CTS                                    ,QUADSPI_BK1_IO0                                        ,LTDC_G3                                ,SWPMI1_SUSPEND                                  ,SDMMC1_D1                        ,DCMI_D3                                       ,LTDC_B2   ,    ,
PortC,PC10,                           ,                         ,HRTIM_EEV1            ,DFSDM1_CKIN5                          ,                                         ,                           ,I2S3_CK/SPI3_SCK                  ,USART3_TX                                ,UART4_TX                                     ,QUADSPI_BK1_IO1                                        ,                                       ,                                                ,SDMMC1_D2                        ,DCMI_D8                                       ,LTDC_R2   ,    ,
PortC,PC11,                           ,                         ,HRTIM_FLT2            ,DFSDM1_DATIN5                         ,                                         ,                           ,I2S3_SDI/SPI3_MISO                ,USART3_RX                                ,UART4_RX                                     ,QUADSPI_BK2_NCS                                        ,                                       ,                                                ,SDMMC1_D3                        ,DCMI_D4                                       ,          ,    ,
PortC,PC12,DEBUG_TRACED3              ,                         ,HRTIM_EEV2            ,                                      ,                                         ,                           ,I2S3_SDO/SPI3_MOSI                ,USART3_CK                                ,UART5_TX                                     ,                                                       ,                                       ,                                                ,SDMMC1_CK                        ,DCMI_D9                                       ,          ,    ,
PortC,PC13,                           ,                         ,                      ,                                      ,                                         ,                           ,                                  ,                                         ,                                             ,                                                       ,                                       ,                                                ,                                 ,                                              ,          ,    ,
PortC,PC14,                           ,                         ,                      ,                                      ,                                         ,                           ,                                  ,                                         ,                                             ,                                                       ,                                       ,                                                ,                                 ,                                              ,          ,    ,
PortC,PC15,                           ,                         ,                      ,                                      ,                                         ,                           ,                                  ,                                         ,                                             ,                                                       ,                                       ,                                                ,                                 ,                                              ,          ,    ,
PortD,PD0 ,                           ,                         ,                      ,DFSDM1_CKIN6                          ,                                         ,                           ,SAI3_SCK_A                        ,                                         ,UART4_RX                                     ,FDCAN1_RX                                              ,                                       ,                                                ,FMC_D2/FMC_DA2                   ,                                              ,          ,    ,
PortD,PD1 ,                           ,                         ,                      ,DFSDM1_DATIN6                         ,                                         ,                           ,SAI3_SD_A                         ,                                         ,UART4_TX                                     ,FDCAN1_TX                                              ,                                       ,                                                ,FMC_D3/FMC_DA3                   ,                                              ,          ,    ,
PortD,PD2 ,DEBUG_TRACED2              ,                         ,TIM3_ETR              ,                                      ,                                         ,                           ,                                  ,                                         ,UART5_RX                                     ,                                                       ,                                       ,                                                ,SDMMC1_CMD                       ,DCMI_D11                                      ,          ,    ,
PortD,PD3 ,                           ,                         ,                      ,DFSDM1_CKOUT                          ,                                         ,I2S2_CK/SPI2_SCK           ,                                  ,USART2_CTS/USART2_NSS                    ,                                             ,                                                       ,                                       ,                                                ,FMC_CLK                          ,DCMI_D5                                       ,LTDC_G7   ,    ,
PortD,PD4 ,                           ,                         ,HRTIM_FLT3            ,                                      ,                                         ,                           ,SAI3_FS_A                         ,USART2_DE/USART2_RTS                     ,                                             ,                                                       ,                                       ,                                                ,FMC_NOE                          ,                                              ,          ,    ,
PortD,PD5 ,                           ,                         ,HRTIM_EEV3            ,                                      ,                                         ,                           ,                                  ,USART2_TX                                ,                                             ,                                                       ,                                       ,                                                ,FMC_NWE                          ,                                              ,          ,    ,
PortD,PD6 ,                           ,                         ,SAI1_D1               ,DFSDM1_CKIN4                          ,DFSDM1_DATIN1                            ,I2S3_SDO/SPI3_MOSI         ,SAI1_SD_A                         ,USART2_RX                                ,SAI4_SD_A                                    ,                                                       ,SAI4_D1                                ,SDMMC2_CK                                       ,FMC_NWAIT                        ,DCMI_D10                                      ,LTDC_B2   ,    ,
PortD,PD7 ,                           ,                         ,                      ,DFSDM1_DATIN4                         ,                                         ,I2S1_SDO/SPI1_MOSI         ,DFSDM1_CKIN1                      ,USART2_CK                                ,                                             ,SPDIFRX1_IN0                                           ,                                       ,SDMMC2_CMD                                      ,FMC_NE1                          ,                                              ,          ,    ,
PortD,PD8 ,                           ,                         ,                      ,DFSDM1_CKIN3                          ,                                         ,                           ,SAI3_SCK_B                        ,USART3_TX                                ,                                             ,SPDIFRX1_IN1                                           ,                                       ,                                                ,FMC_D13/FMC_DA13                 ,                                              ,          ,    ,
PortD,PD9 ,                           ,                         ,                      ,DFSDM1_DATIN3                         ,                                         ,                           ,SAI3_SD_B                         ,USART3_RX                                ,                                             ,                                                       ,                                       ,                                                ,FMC_D14/FMC_DA14                 ,                                              ,          ,    ,
PortD,PD10,                           ,                         ,                      ,DFSDM1_CKOUT                          ,                                         ,                           ,SAI3_FS_B                         ,USART3_CK                                ,                                             ,                                                       ,                                       ,                                                ,FMC_D15/FMC_DA15                 ,                                              ,LTDC_B3   ,    ,
PortD,PD11,                           ,                         ,                      ,LPTIM2_IN2                            ,I2C4_SMBA                                ,                           ,                                  ,USART3_CTS/USART3_NSS                    ,                                             ,QUADSPI_BK1_IO0                                        ,SAI2_SD_A                              ,                                                ,FMC_A16                          ,                                              ,          ,    ,
PortD,PD12,                           ,LPTIM1_IN1               ,TIM4_CH1              ,LPTIM2_IN1                            ,I2C4_SCL                                 ,                           ,                                  ,USART3_DE/USART3_RTS                     ,                                             ,QUADSPI_BK1_IO1                                        ,SAI2_FS_A                              ,                                                ,FMC_A17                          ,                                              ,          ,    ,
PortD,PD13,                           ,LPTIM1_OUT               ,TIM4_CH2              ,                                      ,I2C4_SDA                                 ,                           ,                                  ,                                         ,                                             ,QUADSPI_BK1_IO3                                        ,SAI2_SCK_A                             ,                                                ,FMC_A18                          ,                                              ,          ,    ,
PortD,PD14,                           ,                         ,TIM4_CH3              ,                                      ,                                         ,                           ,SAI3_MCLK_B                       ,                                         ,UART8_CTS                                    ,                                                       ,                                       ,                                                ,FMC_D0/FMC_DA0                   ,                                              ,          ,    ,
PortD,PD15,                           ,                         ,TIM4_CH4              ,                                      ,                                         ,                           ,SAI3_MCLK_A                       ,                                         ,UART8_DE/UART8_RTS                           ,                                                       ,                                       ,                                                ,FMC_D1/FMC_DA1                   ,                                              ,          ,    ,
PortE,PE0 ,                           ,LPTIM1_ETR               ,TIM4_ETR              ,HRTIM_SCIN                            ,LPTIM2_ETR                               ,                           ,                                  ,                                         ,UART8_RX                                     ,                                                       ,SAI2_MCLK_A                            ,                                                ,FMC_NBL0                         ,DCMI_D2                                       ,          ,    ,
PortE,PE1 ,                           ,LPTIM1_IN2               ,                      ,HRTIM_SCOUT                           ,                                         ,                           ,                                  ,                                         ,UART8_TX                                     ,                                                       ,                                       ,                                                ,FMC_NBL1                         ,DCMI_D3                                       ,          ,    ,
PortE,PE2 ,DEBUG_TRACECLK             ,                         ,SAI1_CK1              ,                                      ,                                         ,SPI4_SCK                   ,SAI1_MCLK_A                       ,                                         ,SAI4_MCLK_A                                  ,QUADSPI_BK1_IO2                                        ,SAI4_CK1                               ,ETH_MII_TXD3                                    ,FMC_A23                          ,                                              ,          ,    ,
PortE,PE3 ,DEBUG_TRACED0              ,                         ,                      ,                                      ,TIM15_BKIN                               ,                           ,SAI1_SD_B                         ,                                         ,SAI4_SD_B                                    ,                                                       ,                                       ,                                                ,FMC_A19                          ,                                              ,          ,    ,
PortE,PE4 ,DEBUG_TRACED1              ,                         ,SAI1_D2               ,DFSDM1_DATIN3                         ,TIM15_CH1N                               ,SPI4_NSS                   ,SAI1_FS_A                         ,                                         ,SAI4_FS_A                                    ,                                                       ,SAI4_D2                                ,                                                ,FMC_A20                          ,DCMI_D4                                       ,LTDC_B0   ,    ,
PortE,PE5 ,DEBUG_TRACED2              ,                         ,SAI1_CK2              ,DFSDM1_CKIN3                          ,TIM15_CH1                                ,SPI4_MISO                  ,SAI1_SCK_A                        ,                                         ,SAI4_SCK_A                                   ,                                                       ,SAI4_CK2                               ,                                                ,FMC_A21                          ,DCMI_D6                                       ,LTDC_G0   ,    ,
PortE,PE6 ,DEBUG_TRACED3              ,TIM1_BKIN2               ,SAI1_D1               ,                                      ,TIM15_CH2                                ,SPI4_MOSI                  ,SAI1_SD_A                         ,                                         ,SAI4_SD_A                                    ,SAI4_D1                                                ,SAI2_MCLK_B                            ,TIM1_BKIN2_COMP1/TIM1_BKIN2_COMP2               ,FMC_A22                          ,DCMI_D7                                       ,LTDC_G1   ,    ,
PortE,PE7 ,                           ,TIM1_ETR                 ,                      ,DFSDM1_DATIN2                         ,                                         ,                           ,                                  ,UART7_RX                                 ,                                             ,                                                       ,QUADSPI_BK2_IO0                        ,                                                ,FMC_D4/FMC_DA4                   ,                                              ,          ,    ,
PortE,PE8 ,                           ,TIM1_CH1N                ,                      ,DFSDM1_CKIN2                          ,                                         ,                           ,                                  ,UART7_TX                                 ,                                             ,                                                       ,QUADSPI_BK2_IO1                        ,                                                ,FMC_D5/FMC_DA5                   ,COMP2_OUT                                     ,          ,    ,
PortE,PE9 ,                           ,TIM1_CH1                 ,                      ,DFSDM1_CKOUT                          ,                                         ,                           ,                                  ,UART7_DE/UART7_RTS                       ,                                             ,                                                       ,QUADSPI_BK2_IO2                        ,                                                ,FMC_D6/FMC_DA6                   ,                                              ,          ,    ,
PortE,PE10,                           ,TIM1_CH2N                ,                      ,DFSDM1_DATIN4                         ,                                         ,                           ,                                  ,UART7_CTS                                ,                                             ,                                                       ,QUADSPI_BK2_IO3                        ,                                                ,FMC_D7/FMC_DA7                   ,                                              ,          ,    ,
PortE,PE11,                           ,TIM1_CH2                 ,                      ,DFSDM1_CKIN4                          ,                                         ,SPI4_NSS                   ,                                  ,                                         ,                                             ,                                                       ,SAI2_SD_B                              ,                                                ,FMC_D8/FMC_DA8                   ,                                              ,LTDC_G3   ,    ,
PortE,PE12,                           ,TIM1_CH3N                ,                      ,DFSDM1_DATIN5                         ,                                         ,SPI4_SCK                   ,                                  ,                                         ,                                             ,                                                       ,SAI2_SCK_B                             ,                                                ,FMC_D9/FMC_DA9                   ,COMP1_OUT                                     ,LTDC_B4   ,    ,
PortE,PE13,                           ,TIM1_CH3                 ,                      ,DFSDM1_CKIN5                          ,                                         ,SPI4_MISO                  ,                                  ,                                         ,                                             ,                                                       ,SAI2_FS_B                              ,                                                ,FMC_D10/FMC_DA10                 ,COMP2_OUT                                     ,LTDC_DE   ,    ,
PortE,PE14,                           ,TIM1_CH4                 ,                      ,                                      ,                                         ,SPI4_MOSI                  ,                                  ,                                         ,                                             ,                                                       ,SAI2_MCLK_B                            ,                                                ,FMC_D11/FMC_DA11                 ,                                              ,LTDC_CLK  ,    ,
PortE,PE15,                           ,TIM1_BKIN                ,                      ,                                      ,                                         ,                           ,                                  ,                                         ,                                             ,                                                       ,                                       ,                                                ,FMC_D12/FMC_DA12                 ,COMP_TIM1_BKIN/TIM1_BKIN_COMP1/TIM1_BKIN_COMP2,LTDC_R7   ,    ,
PortF,PF0 ,                           ,                         ,                      ,                                      ,I2C2_SDA                                 ,                           ,                                  ,                                         ,                                             ,                                                       ,                                       ,                                                ,FMC_A0                           ,                                              ,          ,    ,
PortF,PF1 ,                           ,                         ,                      ,                                      ,I2C2_SCL                                 ,                           ,                                  ,                                         ,                                             ,                                                       ,                                       ,                                                ,FMC_A1                           ,                                              ,          ,    ,
PortF,PF2 ,                           ,                         ,                      ,                                      ,I2C2_SMBA                                ,                           ,                                  ,                                         ,                                             ,                                                       ,                                       ,                                                ,FMC_A2                           ,                                              ,          ,    ,
PortF,PF3 ,                           ,                         ,                      ,                                      ,                                         ,                           ,                                  ,                                         ,                                             ,                                                       ,                                       ,                                                ,FMC_A3                           ,                                              ,          ,    ,ADC3_INP5
PortF,PF4 ,                           ,                         ,                      ,                                      ,                                         ,                           ,                                  ,                                         ,                                             ,                                                       ,                                       ,                                                ,FMC_A4                           ,                                              ,          ,    ,ADC3_INN5/ADC3_INP9
PortF,PF5 ,                           ,                         ,                      ,                                      ,                                         ,                           ,                                  ,                                         ,                                             ,                                                       ,                                       ,                                                ,FMC_A5                           ,                                              ,          ,    ,ADC3_INP4
PortF,PF6 ,                           ,TIM16_CH1                ,                      ,                                      ,                                         ,SPI5_NSS                   ,SAI1_SD_B                         ,UART7_RX                                 ,SAI4_SD_B                                    ,QUADSPI_BK1_IO3                                        ,                                       ,                                                ,                                 ,                                              ,          ,    ,ADC3_INN4/ADC3_INP8
PortF,PF7 ,                           ,TIM17_CH1                ,                      ,                                      ,                                         ,SPI5_SCK                   ,SAI1_MCLK_B                       ,UART7_TX                                 ,SAI4_MCLK_B                                  ,QUADSPI_BK1_IO2                                        ,                                       ,                                                ,                                 ,                                              ,          ,    ,ADC3_INP3
PortF,PF8 ,                           ,TIM16_CH1N               ,                      ,                                      ,                                         ,SPI5_MISO                  ,SAI1_SCK_B                        ,UART7_DE/UART7_RTS                       ,SAI4_SCK_B                                   ,TIM13_CH1                                              ,QUADSPI_BK1_IO0                        ,                                                ,                                 ,                                              ,          ,    ,ADC3_INN3/ADC3_INP7
PortF,PF9 ,                           ,TIM17_CH1N               ,                      ,                                      ,                                         ,SPI5_MOSI                  ,SAI1_FS_B                         ,UART7_CTS                                ,SAI4_FS_B                                    ,TIM14_CH1                                              ,QUADSPI_BK1_IO1                        ,                                                ,                                 ,                                              ,          ,    ,ADC3_INP2
PortF,PF10,                           ,TIM16_BKIN               ,SAI1_D3               ,                                      ,                                         ,                           ,                                  ,                                         ,                                             ,QUADSPI_CLK                                            ,SAI4_D3                                ,                                                ,                                 ,DCMI_D11                                      ,LTDC_DE   ,    ,ADC3_INN2/ADC3_INP6
PortF,PF11,                           ,                         ,                      ,                                      ,                                         ,SPI5_MOSI                  ,                                  ,                                         ,                                             ,                                                       ,SAI2_SD_B                              ,                                                ,FMC_SDNRAS                       ,DCMI_D12                                      ,          ,    ,ADC1_INP2
PortF,PF12,                           ,                         ,                      ,                                      ,                                         ,                           ,                                  ,                                         ,                                             ,                                                       ,                                       ,                                                ,FMC_A6                           ,                                              ,          ,    ,ADC1_INN2/ADC1_INP6
PortF,PF13,                           ,                         ,                      ,DFSDM1_DATIN6                         ,I2C4_SMBA                                ,                           ,                                  ,                                         ,                                             ,                                                       ,                                       ,                                                ,FMC_A7                           ,                                              ,          ,    ,ADC2_INP2
PortF,PF14,                           ,                         ,                      ,DFSDM1_CKIN6                          ,I2C4_SCL                                 ,                           ,                                  ,                                         ,                                             ,                                                       ,                                       ,                                                ,FMC_A8                           ,                                              ,          ,    ,ADC2_INN2/ADC2_INP6
PortF,PF15,                           ,                         ,                      ,                                      ,I2C4_SDA                                 ,                           ,                                  ,                                         ,                                             ,                                                       ,                                       ,                                                ,FMC_A9                           ,                                              ,          ,    ,
PortG,PG0 ,                           ,                         ,                      ,                                      ,                                         ,                           ,                                  ,                                         ,                                             ,                                                       ,                                       ,                                                ,FMC_A10                          ,                                              ,          ,    ,
PortG,PG1 ,                           ,                         ,                      ,                                      ,                                         ,                           ,                                  ,                                         ,                                             ,                                                       ,                                       ,                                                ,FMC_A11                          ,                                              ,          ,    ,
PortG,PG2 ,                           ,                         ,                      ,TIM8_BKIN                             ,                                         ,                           ,                                  ,                                         ,                                             ,                                                       ,                                       ,TIM8_BKIN_COMP1/TIM8_BKIN_COMP2                 ,FMC_A12                          ,                                              ,          ,    ,
PortG,PG3 ,                           ,                         ,                      ,TIM8_BKIN2                            ,                                         ,                           ,                                  ,                                         ,                                             ,                                                       ,                                       ,TIM8_BKIN2_COMP1/TIM8_BKIN2_COMP2               ,FMC_A13                          ,                                              ,          ,    ,
PortG,PG4 ,                           ,TIM1_BKIN2               ,                      ,                                      ,                                         ,                           ,                                  ,                                         ,                                             ,                                                       ,                                       ,TIM1_BKIN2_COMP1/TIM1_BKIN2_COMP2               ,FMC_A14/FMC_BA0                  ,                                              ,          ,    ,
PortG,PG5 ,                           ,TIM1_ETR                 ,                      ,                                      ,                                         ,                           ,                                  ,                                         ,                                             ,                                                       ,                                       ,                                                ,FMC_A15/FMC_BA1                  ,                                              ,          ,    ,
PortG,PG6 ,                           ,TIM17_BKIN               ,HRTIM_CHE1            ,                                      ,                                         ,                           ,                                  ,                                         ,                                             ,                                                       ,QUADSPI_BK1_NCS                        ,                                                ,FMC_NE3                          ,DCMI_D12                                      ,LTDC_R7   ,    ,
PortG,PG7 ,                           ,                         ,HRTIM_CHE2            ,                                      ,                                         ,                           ,SAI1_MCLK_A                       ,USART6_CK                                ,                                             ,                                                       ,                                       ,                                                ,FMC_INT                          ,DCMI_D13                                      ,LTDC_CLK  ,    ,
PortG,PG8 ,                           ,                         ,                      ,TIM8_ETR                              ,                                         ,SPI6_NSS                   ,                                  ,USART6_DE/USART6_RTS                     ,SPDIFRX1_IN2                                 ,                                                       ,                                       ,ETH_PPS_OUT                                     ,FMC_SDCLK                        ,                                              ,LTDC_G7   ,    ,
PortG,PG9 ,                           ,                         ,                      ,                                      ,                                         ,I2S1_SDI/SPI1_MISO         ,                                  ,USART6_RX                                ,SPDIFRX1_IN3                                 ,QUADSPI_BK2_IO2                                        ,SAI2_FS_B                              ,                                                ,FMC_NCE/FMC_NE2                  ,DCMI_VSYNC                                    ,          ,    ,
PortG,PG10,                           ,                         ,HRTIM_FLT5            ,                                      ,                                         ,I2S1_WS/SPI1_NSS           ,                                  ,                                         ,                                             ,LTDC_G3                                                ,SAI2_SD_B                              ,                                                ,FMC_NE3                          ,DCMI_D2                                       ,LTDC_B2   ,    ,
PortG,PG11,                           ,LPTIM1_IN2               ,HRTIM_EEV4            ,                                      ,                                         ,I2S1_CK/SPI1_SCK           ,                                  ,                                         ,SPDIFRX1_IN0                                 ,                                                       ,SDMMC2_D2                              ,ETH_MII_TX_EN/ETH_RMII_TX_EN                    ,                                 ,DCMI_D3                                       ,LTDC_B3   ,    ,
PortG,PG12,                           ,LPTIM1_IN1               ,HRTIM_EEV5            ,                                      ,                                         ,SPI6_MISO                  ,                                  ,USART6_DE/USART6_RTS                     ,SPDIFRX1_IN1                                 ,LTDC_B4                                                ,                                       ,ETH_MII_TXD1/ETH_RMII_TXD1                      ,FMC_NE4                          ,                                              ,LTDC_B1   ,    ,
PortG,PG13,DEBUG_TRACED0              ,LPTIM1_OUT               ,HRTIM_EEV10           ,                                      ,                                         ,SPI6_SCK                   ,                                  ,USART6_CTS/USART6_NSS                    ,                                             ,                                                       ,                                       ,ETH_MII_TXD0/ETH_RMII_TXD0                      ,FMC_A24                          ,                                              ,LTDC_R0   ,    ,
PortG,PG14,DEBUG_TRACED1              ,LPTIM1_ETR               ,                      ,                                      ,                                         ,SPI6_MOSI                  ,                                  ,USART6_TX                                ,                                             ,QUADSPI_BK2_IO3                                        ,                                       ,ETH_MII_TXD1/ETH_RMII_TXD1                      ,FMC_A25                          ,                                              ,LTDC_B0   ,    ,
PortG,PG15,                           ,                         ,                      ,                                      ,                                         ,                           ,                                  ,USART6_CTS/USART6_NSS                    ,                                             ,                                                       ,                                       ,                                                ,FMC_SDNCAS                       ,DCMI_D13                                      ,          ,    ,
PortH,PH0 ,                           ,                         ,                      ,                                      ,                                         ,                           ,                                  ,                                         ,                                             ,                                                       ,                                       ,                                                ,                                 ,                                              ,          ,    ,
PortH,PH1 ,                           ,                         ,                      ,                                      ,                                         ,                           ,                                  ,                                         ,                                             ,                                                       ,                                       ,                                                ,                                 ,                                              ,          ,    ,
PortH,PH2 ,                           ,LPTIM1_IN2               ,                      ,                                      ,                                         ,                           ,                                  ,                                         ,                                             ,QUADSPI_BK2_IO0                                        ,SAI2_SCK_B                             ,ETH_MII_CRS                                     ,FMC_SDCKE0                       ,                                              ,LTDC_R0   ,    ,ADC3_INP13
PortH,PH3 ,                           ,                         ,                      ,                                      ,                                         ,                           ,                                  ,                                         ,                                             ,QUADSPI_BK2_IO1                                        ,SAI2_MCLK_B                            ,ETH_MII_COL                                     ,FMC_SDNE0                        ,                                              ,LTDC_R1   ,    ,ADC3_INN13/ADC3_INP14
PortH,PH4 ,                           ,                         ,                      ,                                      ,I2C2_SCL                                 ,                           ,                                  ,                                         ,                                             ,LTDC_G5                                                ,USB_OTG_HS_ULPI_NXT                    ,                                                ,                                 ,                                              ,LTDC_G4   ,    ,ADC3_INN14/ADC3_INP15
PortH,PH5 ,                           ,                         ,                      ,                                      ,I2C2_SDA                                 ,SPI5_NSS                   ,                                  ,                                         ,                                             ,                                                       ,                                       ,                                                ,FMC_SDNWE                        ,                                              ,          ,    ,ADC3_INN15/ADC3_INP16
PortH,PH6 ,                           ,                         ,TIM12_CH1             ,                                      ,I2C2_SMBA                                ,SPI5_SCK                   ,                                  ,                                         ,                                             ,                                                       ,                                       ,ETH_MII_RXD2                                    ,FMC_SDNE1                        ,DCMI_D8                                       ,          ,    ,
PortH,PH7 ,                           ,                         ,                      ,                                      ,I2C3_SCL                                 ,SPI5_MISO                  ,                                  ,                                         ,                                             ,                                                       ,                                       ,ETH_MII_RXD3                                    ,FMC_SDCKE1                       ,DCMI_D9                                       ,          ,    ,
PortH,PH8 ,                           ,                         ,TIM5_ETR              ,                                      ,I2C3_SDA                                 ,                           ,                                  ,                                         ,                                             ,                                                       ,                                       ,                                                ,FMC_D16                          ,DCMI_HSYNC                                    ,LTDC_R2   ,    ,
PortH,PH9 ,                           ,                         ,TIM12_CH2             ,                                      ,I2C3_SMBA                                ,                           ,                                  ,                                         ,                                             ,                                                       ,                                       ,                                                ,FMC_D17                          ,DCMI_D0                                       ,LTDC_R3   ,    ,
PortH,PH10,                           ,                         ,TIM5_CH1              ,                                      ,I2C4_SMBA                                ,                           ,                                  ,                                         ,                                             ,                                                       ,                                       ,                                                ,FMC_D18                          ,DCMI_D1                                       ,LTDC_R4   ,    ,
PortH,PH11,                           ,                         ,TIM5_CH2              ,                                      ,I2C4_SCL                                 ,                           ,                                  ,                                         ,                                             ,                                                       ,                                       ,                                                ,FMC_D19                          ,DCMI_D2                                       ,LTDC_R5   ,    ,
PortH,PH12,                           ,                         ,TIM5_CH3              ,                                      ,I2C4_SDA                                 ,                           ,                                  ,                                         ,                                             ,                                                       ,                                       ,                                                ,FMC_D20                          ,DCMI_D3                                       ,LTDC_R6   ,    ,
PortH,PH13,                           ,                         ,                      ,TIM8_CH1N                             ,                                         ,                           ,                                  ,                                         ,UART4_TX                                     ,FDCAN1_TX                                              ,                                       ,                                                ,FMC_D21                          ,                                              ,LTDC_G2   ,    ,
PortH,PH14,                           ,                         ,                      ,TIM8_CH2N                             ,                                         ,                           ,                                  ,                                         ,UART4_RX                                     ,FDCAN1_RX                                              ,                                       ,                                                ,FMC_D22                          ,DCMI_D4                                       ,LTDC_G3   ,    ,
PortH,PH15,                           ,                         ,                      ,TIM8_CH3N                             ,                                         ,                           ,                                  ,                                         ,                                             ,                                                       ,                                       ,                                                ,FMC_D23                          ,DCMI_D11                                      ,LTDC_G4   ,    ,
PortI,PI0 ,                           ,                         ,TIM5_CH4              ,                                      ,                                         ,I2S2_WS/SPI2_NSS           ,                                  ,                                         ,                                             ,                                                       ,                                       ,                                                ,FMC_D24                          ,DCMI_D13                                      ,LTDC_G5   ,    ,
PortI,PI1 ,                           ,                         ,                      ,TIM8_BKIN2                            ,                                         ,I2S2_CK/SPI2_SCK           ,                                  ,                                         ,                                             ,                                                       ,                                       ,TIM8_BKIN2_COMP1/TIM8_BKIN2_COMP2               ,FMC_D25                          ,DCMI_D8                                       ,LTDC_G6   ,    ,
PortI,PI2 ,                           ,                         ,                      ,TIM8_CH4                              ,                                         ,I2S2_SDI/SPI2_MISO         ,                                  ,                                         ,                                             ,                                                       ,                                       ,                                                ,FMC_D26                          ,DCMI_D9                                       ,LTDC_G7   ,    ,
PortI,PI3 ,                           ,                         ,                      ,TIM8_ETR                              ,                                         ,I2S2_SDO/SPI2_MOSI         ,                                  ,                                         ,                                             ,                                                       ,                                       ,                                                ,FMC_D27                          ,DCMI_D10                                      ,          ,    ,
PortI,PI4 ,                           ,                         ,                      ,TIM8_BKIN                             ,                                         ,                           ,                                  ,                                         ,                                             ,                                                       ,SAI2_MCLK_A                            ,TIM8_BKIN_COMP1/TIM8_BKIN_COMP2                 ,FMC_NBL2                         ,DCMI_D5                                       ,LTDC_B4   ,    ,
PortI,PI5 ,                           ,                         ,                      ,TIM8_CH1                              ,                                         ,                           ,                                  ,                                         ,                                             ,                                                       ,SAI2_SCK_A                             ,                                                ,FMC_NBL3                         ,DCMI_VSYNC                                    ,LTDC_B5   ,    ,
PortI,PI6 ,                           ,                         ,                      ,TIM8_CH2                              ,                                         ,                           ,                                  ,                                         ,                                             ,                                                       ,SAI2_SD_A                              ,                                                ,FMC_D28                          ,DCMI_D6                                       ,LTDC_B6   ,    ,
PortI,PI7 ,                           ,                         ,                      ,TIM8_CH3                              ,                                         ,                           ,                                  ,                                         ,                                             ,                                                       ,SAI2_FS_A                              ,                                                ,FMC_D29                          ,DCMI_D7                                       ,LTDC_B7   ,    ,
PortI,PI8 ,                           ,                         ,                      ,                                      ,                                         ,                           ,                                  ,                                         ,                                             ,                                                       ,                                       ,                                                ,                                 ,                                              ,          ,    ,
PortI,PI9 ,                           ,                         ,                      ,                                      ,                                         ,                           ,                                  ,                                         ,UART4_RX                                     ,FDCAN1_RX                                              ,                                       ,                                                ,FMC_D30                          ,                                              ,LTDC_VSYNC,    ,
PortI,PI10,                           ,                         ,                      ,                                      ,                                         ,                           ,                                  ,                                         ,                                             ,                                                       ,                                       ,ETH_MII_RX_ER                                   ,FMC_D31                          ,                                              ,LTDC_HSYNC,    ,
PortI,PI11,                           ,                         ,                      ,                                      ,                                         ,                           ,                                  ,                                         ,                                             ,LTDC_G6                                                ,USB_OTG_HS_ULPI_DIR                    ,                                                ,                                 ,                                              ,          ,    ,
PortI,PI12,                           ,                         ,                      ,                                      ,                                         ,                           ,                                  ,                                         ,                                             ,                                                       ,                                       ,ETH_MII_TX_ER                                   ,                                 ,                                              ,LTDC_HSYNC,    ,
PortI,PI13,                           ,                         ,                      ,                                      ,                                         ,                           ,                                  ,                                         ,                                             ,                                                       ,                                       ,                                                ,                                 ,                                              ,LTDC_VSYNC,    ,
PortI,PI14,                           ,                         ,                      ,                                      ,                                         ,                           ,                                  ,                                         ,                                             ,                                                       ,                                       ,                                                ,                                 ,                                              ,LTDC_CLK  ,    ,
PortI,PI15,                           ,                         ,                      ,                                      ,                                         ,                           ,                                  ,                                         ,                                             ,LTDC_G2                                                ,                                       ,                                                ,                                 ,                                              ,LTDC_R0   ,    ,
PortJ,PJ0 ,                           ,                         ,                      ,                                      ,                                         ,                           ,                                  ,                                         ,                                             ,LTDC_R7                                                ,                                       ,                                                ,                                 ,                                              ,LTDC_R1   ,    ,
PortJ,PJ1 ,                           ,                         ,                      ,                                      ,                                         ,                           ,                                  ,                                         ,                                             ,                                                       ,                                       ,                                                ,                                 ,                                              ,LTDC_R2   ,    ,
PortJ,PJ2 ,                           ,                         ,                      ,                                      ,                                         ,                           ,                                  ,                                         ,                                             ,                                                       ,                                       ,                                                ,                                 ,DSIHOST_TE                                    ,LTDC_R3   ,    ,
PortJ,PJ3 ,                           ,                         ,                      ,                                      ,                                         ,                           ,                                  ,                                         ,                                             ,                                                       ,                                       ,                                                ,                                 ,                                              ,LTDC_R4   ,    ,
PortJ,PJ4 ,                           ,                         ,                      ,                                      ,                                         ,                           ,                                  ,                                         ,                                             ,                                                       ,                                       ,                                                ,                                 ,                                              ,LTDC_R5   ,    ,
PortJ,PJ5 ,                           ,                         ,                      ,                                      ,                                         ,                           ,                                  ,                                         ,                                             ,                                                       ,                                       ,                                                ,                                 ,                                              ,LTDC_R6   ,    ,
PortJ,PJ6 ,                           ,                         ,                      ,TIM8_CH2                              ,                                         ,                           ,                                  ,                                         ,                                             ,                                                       ,                                       ,                                                ,                                 ,                                              ,LTDC_R7   ,    ,
PortJ,PJ7 ,DEBUG_TRGIN                ,                         ,                      ,TIM8_CH2N                             ,                                         ,                           ,                                  ,                                         ,                                             ,                                                       ,                                       ,                                                ,                                 ,                                              ,LTDC_G0   ,    ,
PortJ,PJ8 ,                           ,TIM1_CH3N                ,                      ,TIM8_CH1                              ,                                         ,                           ,                                  ,                                         ,UART8_TX                                     ,                                                       ,                                       ,                                                ,                                 ,                                              ,LTDC_G1   ,    ,
PortJ,PJ9 ,                           ,TIM1_CH3                 ,                      ,TIM8_CH1N                             ,                                         ,                           ,                                  ,                                         ,UART8_RX                                     ,                                                       ,                                       ,                                                ,                                 ,                                              ,LTDC_G2   ,    ,
PortJ,PJ10,                           ,TIM1_CH2N                ,                      ,TIM8_CH2                              ,                                         ,SPI5_MOSI                  ,                                  ,                                         ,                                             ,                                                       ,                                       ,                                                ,                                 ,                                              ,LTDC_G3   ,    ,
PortJ,PJ11,                           ,TIM1_CH2                 ,                      ,TIM8_CH2N                             ,                                         ,SPI5_MISO                  ,                                  ,                                         ,                                             ,                                                       ,                                       ,                                                ,                                 ,                                              ,LTDC_G4   ,    ,
PortJ,PJ12,DEBUG_TRGOUT               ,                         ,                      ,                                      ,                                         ,                           ,                                  ,                                         ,                                             ,LTDC_G3                                                ,                                       ,                                                ,                                 ,                                              ,LTDC_B0   ,    ,
PortJ,PJ13,                           ,                         ,                      ,                                      ,                                         ,                           ,                                  ,                                         ,                                             ,LTDC_B4                                                ,                                       ,                                                ,                                 ,                                              ,LTDC_B1   ,    ,
PortJ,PJ14,                           ,                         ,                      ,                                      ,                                         ,                           ,                                  ,                                         ,                                             ,                                                       ,                                       ,                                                ,                                 ,                                              ,LTDC_B2   ,    ,
PortJ,PJ15,                           ,                         ,                      ,                                      ,                                         ,                           ,                                  ,                                         ,                                             ,                                                       ,                                       ,                                                ,                                 ,                                              ,LTDC_B3   ,    ,
PortK,PK0 ,                           ,TIM1_CH1N                ,                      ,TIM8_CH3                              ,                                         ,SPI5_SCK                   ,                                  ,                                         ,                                             ,                                                       ,                                       ,                                                ,                                 ,                                              ,LTDC_G5   ,    ,
PortK,PK1 ,                           ,TIM1_CH1                 ,                      ,TIM8_CH3N                             ,                                         ,SPI5_NSS                   ,                                  ,                                         ,                                             ,                                                       ,                                       ,                                                ,                                 ,                                              ,LTDC_G6   ,    ,
PortK,PK2 ,                           ,TIM1_BKIN                ,                      ,TIM8_BKIN                             ,                                         ,                           ,                                  ,                                         ,                                             ,                                                       ,TIM8_BKIN_COMP1/TIM8_BKIN_COMP2        ,TIM1_BKIN_COMP1/TIM1_BKIN_COMP2                 ,                                 ,                                              ,LTDC_G7   ,    ,
PortK,PK3 ,                           ,                         ,                      ,                                      ,                                         ,                           ,                                  ,                                         ,                                             ,                                                       ,                                       ,                                                ,                                 ,                                              ,LTDC_B4   ,    ,
PortK,PK4 ,                           ,                         ,                      ,                                      ,                                         ,                           ,                                  ,                                         ,                                             ,                                                       ,                                       ,                                                ,                                 ,                                              ,LTDC_B5   ,    ,
PortK,PK5 ,                           ,                         ,                      ,                                      ,                                         ,                           ,                                  ,                                         ,                                             ,                                                       ,                                       ,                                                ,                                 ,                                              ,LTDC_B6   ,    ,
PortK,PK6 ,                           ,                         ,                      ,                                      ,                                         ,                           ,                                  ,                                         ,                                             ,                                                       ,                                       ,                                                ,                                 ,                                              ,LTDC_B7   ,    ,
PortK,PK7 ,                           ,                         ,                      ,                                      ,                                         ,                           ,                                  ,                                         ,                                             ,                                                       ,                                       ,                                                ,                                 ,                                              ,LTDC_DE   ,    ,
